dg input
1               1        1        6        0
0.0000000000e+00
0.0000000000e+00
1.0000000000e+00
1.0000000000e+00
1.0000000000e+00
1.0000000000e+00
2.2338158968e-01
2.2338158968e-01
2.2338158968e-01
1.0995174366e-01
1.0995174366e-01
1.0995174366e-01
1.0000000000e+00
1.0000000000e+00
1.0000000000e+00
1.0000000000e+00
1.0000000000e+00
1.0000000000e+00
1.0000000000e+00
3.3333333333e-01
3.3333333333e-01
3.3333333333e-01
-0.0000000000e+00
5.0000000000e-01
5.0000000000e-01
5.0000000000e-01
0.0000000000e+00
5.0000000000e-01
5.0000000000e-01
5.0000000000e-01
0.0000000000e+00
